BACKTEST METRICS
============================================================
total_trades: 974
win_rate: 0.4537987679671458
avg_win: 40.0
avg_loss: -10.0
profit_factor: 3.3233082706766917
total_pnl: 12360
max_drawdown: 2120
sharpe: 8.09248281808129
avg_confidence: 0.593826174736023
