BACKTEST METRICS
============================================================
total_trades: 192
win_rate: 0.5260416666666666
avg_win: 40.0
avg_loss: -10.0
profit_factor: 4.43956043956044
total_pnl: 3130
max_drawdown: 130
sharpe: 10.365570757089838
avg_confidence: 0.5313472409293017
