BACKTEST METRICS
============================================================
total_trades: 635
win_rate: 0.6078740157480315
avg_win: 40.0
avg_loss: -10.0
profit_factor: 6.2008032128514055
total_pnl: 12950
max_drawdown: 1320
sharpe: 13.261929307624019
avg_confidence: 0.6382871270179749
