BACKTEST METRICS
============================================================
total_trades: 895
win_rate: 0.4849162011173184
avg_win: 40.0
avg_loss: -10.0
profit_factor: 3.765726681127983
total_pnl: 12750
max_drawdown: 1020
sharpe: 9.04992798626698
avg_confidence: 0.5842500925064087
