BACKTEST METRICS
============================================================
total_trades: 307
win_rate: 0.5211726384364821
avg_win: 40.0
avg_loss: -10.0
profit_factor: 4.35374149659864
total_pnl: 4930
max_drawdown: 140
sharpe: 10.20606962263256
avg_confidence: 0.520190546320497
