BACKTEST METRICS
============================================================
total_trades: 209
win_rate: 0.5406698564593302
avg_win: 40.0
avg_loss: -10.0
profit_factor: 4.708333333333333
total_pnl: 3560
max_drawdown: 190
sharpe: 10.85189107124024
avg_confidence: 0.47197601754373947
