BACKTEST METRICS
============================================================
total_trades: 264
win_rate: 0.7007575757575758
avg_win: 40.0
avg_loss: -10.0
profit_factor: 9.367088607594937
total_pnl: 6610
max_drawdown: 360
sharpe: 17.35930428006918
avg_confidence: 0.7234883904457092
