BACKTEST METRICS
============================================================
total_trades: 70
win_rate: 0.2714285714285714
avg_win: 40.0
avg_loss: -10.0
profit_factor: 1.4901960784313726
total_pnl: 250
max_drawdown: 200
sharpe: 2.5498133240607284
avg_confidence: 0.47030864113118004
