BACKTEST METRICS
============================================================
total_trades: 603
win_rate: 0.40298507462686567
avg_win: 40.0
avg_loss: -10.0
profit_factor: 2.7
total_pnl: 6120
max_drawdown: 680
sharpe: 6.569424124912427
avg_confidence: 0.4798863721428746
