BACKTEST METRICS
============================================================
total_trades: 269
win_rate: 0.5613382899628253
avg_win: 40.0
avg_loss: -10.0
profit_factor: 5.11864406779661
total_pnl: 4860
max_drawdown: 370
sharpe: 11.559446998243365
avg_confidence: 0.539968860169881
