BACKTEST METRICS
============================================================
total_trades: 1359
win_rate: 0.5246504782928624
avg_win: 40.0
avg_loss: -10.0
profit_factor: 4.414860681114551
total_pnl: 22060
max_drawdown: 690
sharpe: 10.319882445334763
avg_confidence: 0.6164636015892029
